image: map.pgm
resolution: 0.035000
origin: [-35.840000, -35.840000, -nan]
negate: 0
occupied_thresh: 0.65
free_thresh: 0.196

